file_name,steps_live,steps_batch,error,absolute_error
"057c65dd-3061-44f6-b8f3-30f00f6ac8db_1758718072570_PLAIN_WALKING_HAND_21_MALE_Xiaomi_M2003J15SC.csv",43,39,+4,4
"057c65dd-3061-44f6-b8f3-30f00f6ac8db_1758718193841_RUNNING_HAND_21_MALE_Xiaomi_M2003J15SC.csv",47,47,+0,0
"057c65dd-3061-44f6-b8f3-30f00f6ac8db_1758718235092_IRREGULAR_STEPS_HAND_21_MALE_Xiaomi_M2003J15SC.csv",44,42,+2,2
"057c65dd-3061-44f6-b8f3-30f00f6ac8db_1758718311249_BABY_STEPS_HAND_21_MALE_Xiaomi_M2003J15SC.csv",33,34,-1,1
"057c65dd-3061-44f6-b8f3-30f00f6ac8db_1758718385675_UPHILL_WALKING_HAND_21_MALE_Xiaomi_M2003J15SC.csv",6,4,+2,2
"057c65dd-3061-44f6-b8f3-30f00f6ac8db_1758718430252_DOWNHILL_WALKING_HAND_21_MALE_Xiaomi_M2003J15SC.csv",23,18,+5,5
"057c65dd-3061-44f6-b8f3-30f00f6ac8db_1758718532245_UPHILL_WALKING_SHOULDER_21_MALE_Xiaomi_M2003J15SC.csv",24,24,+0,0
"057c65dd-3061-44f6-b8f3-30f00f6ac8db_1758718654825_DOWNHILL_WALKING_SHOULDER_21_MALE_Xiaomi_M2003J15SC.csv",34,30,+4,4
"057c65dd-3061-44f6-b8f3-30f00f6ac8db_1758718783797_PLAIN_WALKING_SHOULDER_21_MALE_Xiaomi_M2003J15SC.csv",48,45,+3,3
"057c65dd-3061-44f6-b8f3-30f00f6ac8db_1758718918841_RUNNING_SHOULDER_21_MALE_Xiaomi_M2003J15SC.csv",50,50,+0,0
"057c65dd-3061-44f6-b8f3-30f00f6ac8db_1758718985896_IRREGULAR_STEPS_SHOULDER_21_MALE_Xiaomi_M2003J15SC.csv",48,48,+0,0
"057c65dd-3061-44f6-b8f3-30f00f6ac8db_1758719044061_BABY_STEPS_SHOULDER_21_MALE_Xiaomi_M2003J15SC.csv",52,50,+2,2
"057c65dd-3061-44f6-b8f3-30f00f6ac8db_1758719250660_PLAIN_WALKING_POCKET_21_MALE_Xiaomi_M2003J15SC.csv",50,48,+2,2
"057c65dd-3061-44f6-b8f3-30f00f6ac8db_1758719298412_RUNNING_POCKET_21_MALE_Xiaomi_M2003J15SC.csv",51,51,+0,0
"057c65dd-3061-44f6-b8f3-30f00f6ac8db_1758719350612_IRREGULAR_STEPS_POCKET_21_MALE_Xiaomi_M2003J15SC.csv",55,55,+0,0
"057c65dd-3061-44f6-b8f3-30f00f6ac8db_1758719400440_BABY_STEPS_POCKET_21_MALE_Xiaomi_M2003J15SC.csv",43,40,+3,3
"057c65dd-3061-44f6-b8f3-30f00f6ac8db_1758719485246_UPHILL_WALKING_POCKET_21_MALE_Xiaomi_M2003J15SC.csv",42,39,+3,3
"057c65dd-3061-44f6-b8f3-30f00f6ac8db_1758719533716_DOWNHILL_WALKING_POCKET_21_MALE_Xiaomi_M2003J15SC.csv",33,23,+10,10
"057c65dd-3061-44f6-b8f3-30f00f6ac8db_1758719939167_PLAIN_WALKING_HAND_22_MALE_Xiaomi_M2003J15SC.csv",37,33,+4,4
"057c65dd-3061-44f6-b8f3-30f00f6ac8db_1758719987929_RUNNING_HAND_22_MALE_Xiaomi_M2003J15SC.csv",50,50,+0,0
"057c65dd-3061-44f6-b8f3-30f00f6ac8db_1758720021713_IRREGULAR_STEPS_HAND_22_MALE_Xiaomi_M2003J15SC.csv",42,46,-4,4
"057c65dd-3061-44f6-b8f3-30f00f6ac8db_1758720062879_BABY_STEPS_HAND_22_MALE_Xiaomi_M2003J15SC.csv",30,28,+2,2
"057c65dd-3061-44f6-b8f3-30f00f6ac8db_1758720113027_UPHILL_WALKING_HAND_22_MALE_Xiaomi_M2003J15SC.csv",33,31,+2,2
"057c65dd-3061-44f6-b8f3-30f00f6ac8db_1758720150713_DOWNHILL_WALKING_HAND_22_MALE_Xiaomi_M2003J15SC.csv",43,38,+5,5
"057c65dd-3061-44f6-b8f3-30f00f6ac8db_1758720286111_PLAIN_WALKING_POCKET_22_MALE_Xiaomi_M2003J15SC.csv",42,40,+2,2
"057c65dd-3061-44f6-b8f3-30f00f6ac8db_1758720333808_RUNNING_POCKET_22_MALE_Xiaomi_M2003J15SC.csv",50,48,+2,2
"057c65dd-3061-44f6-b8f3-30f00f6ac8db_1758720374849_IRREGULAR_STEPS_POCKET_22_MALE_Xiaomi_M2003J15SC.csv",48,36,+12,12
"057c65dd-3061-44f6-b8f3-30f00f6ac8db_1758720426606_BABY_STEPS_POCKET_22_MALE_Xiaomi_M2003J15SC.csv",35,25,+10,10
"057c65dd-3061-44f6-b8f3-30f00f6ac8db_1758720469269_UPHILL_WALKING_POCKET_22_MALE_Xiaomi_M2003J15SC.csv",46,38,+8,8
"057c65dd-3061-44f6-b8f3-30f00f6ac8db_1758720525559_DOWNHILL_WALKING_POCKET_22_MALE_Xiaomi_M2003J15SC.csv",38,30,+8,8
"057c65dd-3061-44f6-b8f3-30f00f6ac8db_1758720713101_UPHILL_WALKING_SHOULDER_22_MALE_Xiaomi_M2003J15SC.csv",45,35,+10,10
"057c65dd-3061-44f6-b8f3-30f00f6ac8db_1758720780806_DOWNHILL_WALKING_SHOULDER_22_MALE_Xiaomi_M2003J15SC.csv",41,38,+3,3
"057c65dd-3061-44f6-b8f3-30f00f6ac8db_1758720839254_PLAIN_WALKING_SHOULDER_22_MALE_Xiaomi_M2003J15SC.csv",51,49,+2,2
"057c65dd-3061-44f6-b8f3-30f00f6ac8db_1758720887880_RUNNING_SHOULDER_22_MALE_Xiaomi_M2003J15SC.csv",50,50,+0,0
"057c65dd-3061-44f6-b8f3-30f00f6ac8db_1758720926443_IRREGULAR_STEPS_SHOULDER_22_MALE_Xiaomi_M2003J15SC.csv",50,50,+0,0
"057c65dd-3061-44f6-b8f3-30f00f6ac8db_1758720975666_BABY_STEPS_SHOULDER_22_MALE_Xiaomi_M2003J15SC.csv",52,48,+4,4
"f7f572fe-eb11-4f7e-a514-dc7812bd8998_1758718074918_PLAIN_WALKING_HAND_22_MALE_motorola_motorola edge 50 fusion.csv",37,36,+1,1
"f7f572fe-eb11-4f7e-a514-dc7812bd8998_1758718195781_RUNNING_HAND_22_MALE_motorola_motorola edge 50 fusion.csv",41,44,-3,3
"f7f572fe-eb11-4f7e-a514-dc7812bd8998_1758718234447_IRREGULAR_STEPS_HAND_22_MALE_motorola_motorola edge 50 fusion.csv",35,33,+2,2
"f7f572fe-eb11-4f7e-a514-dc7812bd8998_1758718313358_BABY_STEPS_HAND_22_MALE_motorola_motorola edge 50 fusion.csv",33,33,+0,0
"f7f572fe-eb11-4f7e-a514-dc7812bd8998_1758718385906_UPHILL_WALKING_HAND_22_MALE_motorola_motorola edge 50 fusion.csv",46,46,+0,0
"f7f572fe-eb11-4f7e-a514-dc7812bd8998_1758718432277_DOWNHILL_WALKING_HAND_22_MALE_motorola_motorola edge 50 fusion.csv",39,39,+0,0
"f7f572fe-eb11-4f7e-a514-dc7812bd8998_1758718562626_UPHILL_WALKING_POCKET_22_MALE_motorola_motorola edge 50 fusion.csv",55,47,+8,8
"f7f572fe-eb11-4f7e-a514-dc7812bd8998_1758718657221_DOWNHILL_WALKING_POCKET_22_MALE_motorola_motorola edge 50 fusion.csv",49,43,+6,6
"f7f572fe-eb11-4f7e-a514-dc7812bd8998_1758718793819_PLAIN_WALKING_POCKET_22_MALE_motorola_motorola edge 50 fusion.csv",50,44,+6,6
"f7f572fe-eb11-4f7e-a514-dc7812bd8998_1758718925885_RUNNING_POCKET_22_MALE_motorola_motorola edge 50 fusion.csv",49,49,+0,0
"f7f572fe-eb11-4f7e-a514-dc7812bd8998_1758718987152_IRREGULAR_STEPS_POCKET_22_MALE_motorola_motorola edge 50 fusion.csv",48,51,-3,3
"f7f572fe-eb11-4f7e-a514-dc7812bd8998_1758719045001_BABY_STEPS_POCKET_22_MALE_motorola_motorola edge 50 fusion.csv",50,50,+0,0
"f7f572fe-eb11-4f7e-a514-dc7812bd8998_1758719214092_PLAIN_WALKING_SHOULDER_22_MALE_motorola_motorola edge 50 fusion.csv",42,42,+0,0
"f7f572fe-eb11-4f7e-a514-dc7812bd8998_1758719300366_RUNNING_SHOULDER_22_MALE_motorola_motorola edge 50 fusion.csv",51,51,+0,0
"f7f572fe-eb11-4f7e-a514-dc7812bd8998_1758719352494_IRREGULAR_STEPS_SHOULDER_22_MALE_motorola_motorola edge 50 fusion.csv",31,31,+0,0
"f7f572fe-eb11-4f7e-a514-dc7812bd8998_1758719404364_BABY_STEPS_SHOULDER_22_MALE_motorola_motorola edge 50 fusion.csv",34,34,+0,0
"f7f572fe-eb11-4f7e-a514-dc7812bd8998_1758719492368_UPHILL_WALKING_SHOULDER_22_MALE_motorola_motorola edge 50 fusion.csv",35,30,+5,5
"f7f572fe-eb11-4f7e-a514-dc7812bd8998_1758719536424_DOWNHILL_WALKING_SHOULDER_22_MALE_motorola_motorola edge 50 fusion.csv",39,35,+4,4
"f7f572fe-eb11-4f7e-a514-dc7812bd8998_1758719940398_PLAIN_WALKING_HAND_21_MALE_motorola_motorola edge 50 fusion.csv",34,28,+6,6
"f7f572fe-eb11-4f7e-a514-dc7812bd8998_1758719987944_RUNNING_HAND_21_MALE_motorola_motorola edge 50 fusion.csv",45,47,-2,2
"f7f572fe-eb11-4f7e-a514-dc7812bd8998_1758720023256_IRREGULAR_STEPS_HAND_21_MALE_motorola_motorola edge 50 fusion.csv",41,41,+0,0
"f7f572fe-eb11-4f7e-a514-dc7812bd8998_1758720062584_BABY_STEPS_HAND_21_MALE_motorola_motorola edge 50 fusion.csv",29,29,+0,0
"f7f572fe-eb11-4f7e-a514-dc7812bd8998_1758720111889_UPHILL_WALKING_HAND_21_MALE_motorola_motorola edge 50 fusion.csv",44,44,+0,0
"f7f572fe-eb11-4f7e-a514-dc7812bd8998_1758720153534_DOWNHILL_WALKING_HAND_21_MALE_motorola_motorola edge 50 fusion.csv",37,18,+19,19
"f7f572fe-eb11-4f7e-a514-dc7812bd8998_1758720284063_PLAIN_WALKING_SHOULDER_21_MALE_motorola_motorola edge 50 fusion.csv",39,36,+3,3
"f7f572fe-eb11-4f7e-a514-dc7812bd8998_1758720336169_RUNNING_SHOULDER_21_MALE_motorola_motorola edge 50 fusion.csv",51,51,+0,0
"f7f572fe-eb11-4f7e-a514-dc7812bd8998_1758720378047_IRREGULAR_STEPS_SHOULDER_21_MALE_motorola_motorola edge 50 fusion.csv",30,30,+0,0
"f7f572fe-eb11-4f7e-a514-dc7812bd8998_1758720429109_BABY_STEPS_SHOULDER_21_MALE_motorola_motorola edge 50 fusion.csv",33,33,+0,0
"f7f572fe-eb11-4f7e-a514-dc7812bd8998_1758720475248_UPHILL_WALKING_SHOULDER_21_MALE_motorola_motorola edge 50 fusion.csv",40,35,+5,5
"f7f572fe-eb11-4f7e-a514-dc7812bd8998_1758720550465_DOWNHILL_WALKING_SHOULDER_21_MALE_motorola_motorola edge 50 fusion.csv",43,43,+0,0
"f7f572fe-eb11-4f7e-a514-dc7812bd8998_1758720719734_UPHILL_WALKING_POCKET_21_MALE_motorola_motorola edge 50 fusion.csv",41,31,+10,10
"f7f572fe-eb11-4f7e-a514-dc7812bd8998_1758720783013_DOWNHILL_WALKING_POCKET_21_MALE_motorola_motorola edge 50 fusion.csv",34,36,-2,2
"f7f572fe-eb11-4f7e-a514-dc7812bd8998_1758720840670_PLAIN_WALKING_POCKET_21_MALE_motorola_motorola edge 50 fusion.csv",47,40,+7,7
"f7f572fe-eb11-4f7e-a514-dc7812bd8998_1758720887096_RUNNING_POCKET_21_MALE_motorola_motorola edge 50 fusion.csv",52,52,+0,0
"f7f572fe-eb11-4f7e-a514-dc7812bd8998_1758720928598_IRREGULAR_STEPS_POCKET_21_MALE_motorola_motorola edge 50 fusion.csv",39,35,+4,4
"f7f572fe-eb11-4f7e-a514-dc7812bd8998_1758720977838_BABY_STEPS_POCKET_21_MALE_motorola_motorola edge 50 fusion.csv",48,41,+7,7
"057c65dd-3061-44f6-b8f3-30f00f6ac8db_1758902231595_PLAIN_WALKING_SHOULDER_22_MALE_Xiaomi_M2003J15SC.csv",32,29,+3,3
"057c65dd-3061-44f6-b8f3-30f00f6ac8db_1758902270202_RUNNING_SHOULDER_22_MALE_Xiaomi_M2003J15SC.csv",50,50,+0,0
"057c65dd-3061-44f6-b8f3-30f00f6ac8db_1758902303974_IRREGULAR_STEPS_SHOULDER_22_MALE_Xiaomi_M2003J15SC.csv",32,28,+4,4
"057c65dd-3061-44f6-b8f3-30f00f6ac8db_1758902344193_BABY_STEPS_SHOULDER_22_MALE_Xiaomi_M2003J15SC.csv",27,23,+4,4
"057c65dd-3061-44f6-b8f3-30f00f6ac8db_1758902393403_UPHILL_WALKING_SHOULDER_22_MALE_Xiaomi_M2003J15SC.csv",46,37,+9,9
"057c65dd-3061-44f6-b8f3-30f00f6ac8db_1758902433226_DOWNHILL_WALKING_SHOULDER_22_MALE_Xiaomi_M2003J15SC.csv",23,22,+1,1
"057c65dd-3061-44f6-b8f3-30f00f6ac8db_1758902504344_PLAIN_WALKING_POCKET_22_MALE_Xiaomi_M2003J15SC.csv",30,25,+5,5
"057c65dd-3061-44f6-b8f3-30f00f6ac8db_1758902554563_RUNNING_POCKET_22_MALE_Xiaomi_M2003J15SC.csv",50,43,+7,7
"057c65dd-3061-44f6-b8f3-30f00f6ac8db_1758902591468_IRREGULAR_STEPS_POCKET_22_MALE_Xiaomi_M2003J15SC.csv",43,26,+17,17
"057c65dd-3061-44f6-b8f3-30f00f6ac8db_1758902637065_BABY_STEPS_POCKET_22_MALE_Xiaomi_M2003J15SC.csv",36,36,+0,0
"057c65dd-3061-44f6-b8f3-30f00f6ac8db_1758902737214_UPHILL_WALKING_POCKET_22_MALE_Xiaomi_M2003J15SC.csv",30,27,+3,3
"057c65dd-3061-44f6-b8f3-30f00f6ac8db_1758902781283_DOWNHILL_WALKING_POCKET_22_MALE_Xiaomi_M2003J15SC.csv",27,25,+2,2
"057c65dd-3061-44f6-b8f3-30f00f6ac8db_1758902886755_PLAIN_WALKING_SHOULDER_22_MALE_Xiaomi_M2003J15SC.csv",45,37,+8,8
"057c65dd-3061-44f6-b8f3-30f00f6ac8db_1758902948701_UPHILL_WALKING_SHOULDER_22_MALE_Xiaomi_M2003J15SC.csv",41,36,+5,5
"057c65dd-3061-44f6-b8f3-30f00f6ac8db_1758902990551_DOWNHILL_WALKING_SHOULDER_22_MALE_Xiaomi_M2003J15SC.csv",31,29,+2,2
"057c65dd-3061-44f6-b8f3-30f00f6ac8db_1758903028074_BABY_STEPS_SHOULDER_22_MALE_Xiaomi_M2003J15SC.csv",3,0,+3,3
"057c65dd-3061-44f6-b8f3-30f00f6ac8db_1758903068737_IRREGULAR_STEPS_SHOULDER_22_MALE_Xiaomi_M2003J15SC.csv",42,27,+15,15
"057c65dd-3061-44f6-b8f3-30f00f6ac8db_1758903110287_RUNNING_SHOULDER_22_MALE_Xiaomi_M2003J15SC.csv",48,48,+0,0
"08372784-2680-4eb7-ad25-be181de1bfc8_1758902230673_PLAIN_WALKING_HAND_22_MALE_samsung_SM-A505FN.csv",27,27,+0,0
"08372784-2680-4eb7-ad25-be181de1bfc8_1758902279864_RUNNING_HAND_22_MALE_samsung_SM-A505FN.csv",43,43,+0,0
"08372784-2680-4eb7-ad25-be181de1bfc8_1758902311479_IRREGULAR_STEPS_HAND_22_MALE_samsung_SM-A505FN.csv",38,38,+0,0
"08372784-2680-4eb7-ad25-be181de1bfc8_1758902348596_BABY_STEPS_HAND_22_MALE_samsung_SM-A505FN.csv",35,35,+0,0
"08372784-2680-4eb7-ad25-be181de1bfc8_1758902422640_UPHILL_WALKING_HAND_22_MALE_samsung_SM-A505FN.csv",40,35,+5,5
"08372784-2680-4eb7-ad25-be181de1bfc8_1758902470145_DOWNHILL_WALKING_HAND_22_MALE_samsung_SM-A505FN.csv",40,36,+4,4
"08372784-2680-4eb7-ad25-be181de1bfc8_1758902536988_PLAIN_WALKING_POCKET_22_MALE_samsung_SM-A505FN.csv",39,39,+0,0
"08372784-2680-4eb7-ad25-be181de1bfc8_1758902583482_BABY_STEPS_POCKET_22_MALE_samsung_SM-A505FN.csv",40,27,+13,13
"08372784-2680-4eb7-ad25-be181de1bfc8_1758902625090_IRREGULAR_STEPS_POCKET_22_MALE_samsung_SM-A505FN.csv",42,40,+2,2
"08372784-2680-4eb7-ad25-be181de1bfc8_1758902707074_RUNNING_POCKET_22_MALE_samsung_SM-A505FN.csv",54,54,+0,0
"08372784-2680-4eb7-ad25-be181de1bfc8_1758902750253_UPHILL_WALKING_POCKET_22_MALE_samsung_SM-A505FN.csv",35,25,+10,10
"08372784-2680-4eb7-ad25-be181de1bfc8_1758902799912_DOWNHILL_WALKING_POCKET_22_MALE_samsung_SM-A505FN.csv",50,40,+10,10
"08372784-2680-4eb7-ad25-be181de1bfc8_1758903182147_PLAIN_WALKING_SHOULDER_22_MALE_samsung_SM-A505FN.csv",38,38,+0,0
"08372784-2680-4eb7-ad25-be181de1bfc8_1758903239713_BABY_STEPS_SHOULDER_22_MALE_samsung_SM-A505FN.csv",20,11,+9,9
"08372784-2680-4eb7-ad25-be181de1bfc8_1758903284459_IRREGULAR_STEPS_SHOULDER_22_MALE_samsung_SM-A505FN.csv",48,51,-3,3
"08372784-2680-4eb7-ad25-be181de1bfc8_1758903327935_RUNNING_SHOULDER_22_MALE_samsung_SM-A505FN.csv",50,48,+2,2
"08372784-2680-4eb7-ad25-be181de1bfc8_1758903378180_UPHILL_WALKING_SHOULDER_22_MALE_samsung_SM-A505FN.csv",35,35,+0,0
"08372784-2680-4eb7-ad25-be181de1bfc8_1758903421988_DOWNHILL_WALKING_SHOULDER_22_MALE_samsung_SM-A505FN.csv",25,25,+0,0
"08372784-2680-4eb7-ad25-be181de1bfc8_1758903690569_PLAIN_WALKING_HAND_23_MALE_samsung_SM-A505FN.csv",27,27,+0,0
"08372784-2680-4eb7-ad25-be181de1bfc8_1758903725331_RUNNING_HAND_23_MALE_samsung_SM-A505FN.csv",42,47,-5,5
"08372784-2680-4eb7-ad25-be181de1bfc8_1758903751651_IRREGULAR_STEPS_HAND_23_MALE_samsung_SM-A505FN.csv",36,29,+7,7
"08372784-2680-4eb7-ad25-be181de1bfc8_1758903787368_BABY_STEPS_HAND_23_MALE_samsung_SM-A505FN.csv",20,15,+5,5
"08372784-2680-4eb7-ad25-be181de1bfc8_1758903831351_UPHILL_WALKING_HAND_23_MALE_samsung_SM-A505FN.csv",45,43,+2,2
"08372784-2680-4eb7-ad25-be181de1bfc8_1758903865736_DOWNHILL_WALKING_HAND_23_MALE_samsung_SM-A505FN.csv",29,20,+9,9
"08372784-2680-4eb7-ad25-be181de1bfc8_1758903921536_PLAIN_WALKING_POCKET_23_MALE_samsung_SM-A505FN.csv",42,40,+2,2
"08372784-2680-4eb7-ad25-be181de1bfc8_1758903958942_RUNNING_POCKET_23_MALE_samsung_SM-A505FN.csv",50,49,+1,1
"08372784-2680-4eb7-ad25-be181de1bfc8_1758903990220_IRREGULAR_STEPS_POCKET_23_MALE_samsung_SM-A505FN.csv",49,49,0,0
"08372784-2680-4eb7-ad25-be181de1bfc8_1758904034394_BABY_STEPS_POCKET_23_MALE_samsung_SM-A505FN.csv",19,10,+9,9
"08372784-2680-4eb7-ad25-be181de1bfc8_1758904078862_UPHILL_WALKING_POCKET_23_MALE_samsung_SM-A505FN.csv",47,49,+2,2
"08372784-2680-4eb7-ad25-be181de1bfc8_1758904126998_DOWNHILL_WALKING_POCKET_23_MALE_samsung_SM-A505FN.csv",51,48,+3,3
"08372784-2680-4eb7-ad25-be181de1bfc8_1758904242974_PLAIN_WALKING_SHOULDER_23_MALE_samsung_SM-A505FN.csv",41,41,+0,0
"08372784-2680-4eb7-ad25-be181de1bfc8_1758904288474_IRREGULAR_STEPS_SHOULDER_23_MALE_samsung_SM-A505FN.csv",24,24,+0,0
"08372784-2680-4eb7-ad25-be181de1bfc8_1758904326017_BABY_STEPS_SHOULDER_23_MALE_samsung_SM-A505FN.csv",38,37,+1,1
"08372784-2680-4eb7-ad25-be181de1bfc8_1758904364584_RUNNING_SHOULDER_23_MALE_samsung_SM-A505FN.csv",49,49,+0,0
"08372784-2680-4eb7-ad25-be181de1bfc8_1758904406558_UPHILL_WALKING_SHOULDER_23_MALE_samsung_SM-A505FN.csv",0,0,+0,0
"08372784-2680-4eb7-ad25-be181de1bfc8_1758904446065_DOWNHILL_WALKING_SHOULDER_23_MALE_samsung_SM-A505FN.csv",44,44,+0,0
"ba332b53-d7b0-4ee3-93d3-cec6b841df7b_1758902230921_PLAIN_WALKING_HAND_22_MALE_TCL_5030D_EEA.csv",27,24,+3,3
"ba332b53-d7b0-4ee3-93d3-cec6b841df7b_1758902273773_RUNNING_HAND_22_MALE_TCL_5030D_EEA.csv",47,47,+0,0
"ba332b53-d7b0-4ee3-93d3-cec6b841df7b_1758902308774_IRREGULAR_STEPS_HAND_22_MALE_TCL_5030D_EEA.csv",29,26,+3,3
"ba332b53-d7b0-4ee3-93d3-cec6b841df7b_1758902345863_BABY_STEPS_HAND_22_MALE_TCL_5030D_EEA.csv",28,23,+5,5
"ba332b53-d7b0-4ee3-93d3-cec6b841df7b_1758902435123_UPHILL_WALKING_HAND_22_MALE_TCL_5030D_EEA.csv",35,26,+9,9
"ba332b53-d7b0-4ee3-93d3-cec6b841df7b_1758902471809_DOWNHILL_WALKING_HAND_22_MALE_TCL_5030D_EEA.csv",43,40,+3,3
"ba332b53-d7b0-4ee3-93d3-cec6b841df7b_1758902585217_PLAIN_WALKING_SHOULDER_22_MALE_TCL_5030D_EEA.csv",47,47,+0,0
"ba332b53-d7b0-4ee3-93d3-cec6b841df7b_1758902706005_RUNNING_SHOULDER_22_MALE_TCL_5030D_EEA.csv",48,47,+1,1
"ba332b53-d7b0-4ee3-93d3-cec6b841df7b_1758902780201_IRREGULAR_STEPS_SHOULDER_22_MALE_TCL_5030D_EEA.csv",38,38,+0,0
"ba332b53-d7b0-4ee3-93d3-cec6b841df7b_1758902820390_BABY_STEPS_SHOULDER_22_MALE_TCL_5030D_EEA.csv",5,1,+4,4
"ba332b53-d7b0-4ee3-93d3-cec6b841df7b_1758902891185_UPHILL_WALKING_SHOULDER_22_MALE_TCL_5030D_EEA.csv",37,33,+4,4
"ba332b53-d7b0-4ee3-93d3-cec6b841df7b_1758902938043_DOWNHILL_WALKING_SHOULDER_22_MALE_TCL_5030D_EEA.csv",45,40,+5,5
"ba332b53-d7b0-4ee3-93d3-cec6b841df7b_1758903142376_PLAIN_WALKING_POCKET_22_MALE_TCL_5030D_EEA.csv",35,33,+2,2
"ba332b53-d7b0-4ee3-93d3-cec6b841df7b_1758903180139_RUNNING_POCKET_22_MALE_TCL_5030D_EEA.csv",53,47,+6,6
"ba332b53-d7b0-4ee3-93d3-cec6b841df7b_1758903213574_IRREGULAR_STEPS_POCKET_22_MALE_TCL_5030D_EEA.csv",48,43,+5,5
"ba332b53-d7b0-4ee3-93d3-cec6b841df7b_1758903259423_BABY_STEPS_POCKET_22_MALE_TCL_5030D_EEA.csv",22,22,+0,0
"ba332b53-d7b0-4ee3-93d3-cec6b841df7b_1758903314569_UPHILL_WALKING_POCKET_22_MALE_TCL_5030D_EEA.csv",40,33,+7,7
"ba332b53-d7b0-4ee3-93d3-cec6b841df7b_1758903352435_DOWNHILL_WALKING_POCKET_22_MALE_TCL_5030D_EEA.csv",45,43,+2,2
"9e631ff8-22b4-4421-a1eb-638c38c7585f_1758961163695_PLAIN_WALKING_HAND_18_MALE_samsung_SM-A346B.csv",29,29,+0,0
"9e631ff8-22b4-4421-a1eb-638c38c7585f_1758961210319_RUNNING_HAND_18_MALE_samsung_SM-A346B.csv",43,43,+0,0
"9e631ff8-22b4-4421-a1eb-638c38c7585f_1758961240131_IRREGULAR_STEPS_HAND_18_MALE_samsung_SM-A346B.csv",41,39,+2,2
"9e631ff8-22b4-4421-a1eb-638c38c7585f_1758961281683_BABY_STEPS_HAND_18_MALE_samsung_SM-A346B.csv",18,16,+2,2
"9e631ff8-22b4-4421-a1eb-638c38c7585f_1758961338538_UPHILL_WALKING_HAND_18_MALE_samsung_SM-A346B.csv",34,33,+1,1
"9e631ff8-22b4-4421-a1eb-638c38c7585f_1758961382815_DOWNHILL_WALKING_HAND_18_MALE_samsung_SM-A346B.csv",35,33,+2,2
"9e631ff8-22b4-4421-a1eb-638c38c7585f_1758961516161_UPHILL_WALKING_SHOULDER_18_MALE_samsung_SM-A346B.csv",34,34,+0,0
"9e631ff8-22b4-4421-a1eb-638c38c7585f_1758961570342_DOWNHILL_WALKING_SHOULDER_18_MALE_samsung_SM-A346B.csv",37,33,+4,4
"9e631ff8-22b4-4421-a1eb-638c38c7585f_1758961625560_PLAIN_WALKING_SHOULDER_18_MALE_samsung_SM-A346B.csv",38,34,+4,4
"9e631ff8-22b4-4421-a1eb-638c38c7585f_1758961689245_RUNNING_SHOULDER_18_MALE_samsung_SM-A346B.csv",51,51,+0,0
"9e631ff8-22b4-4421-a1eb-638c38c7585f_1758961733894_IRREGULAR_STEPS_SHOULDER_18_MALE_samsung_SM-A346B.csv",33,33,+0,0
"9e631ff8-22b4-4421-a1eb-638c38c7585f_1758961780053_BABY_STEPS_SHOULDER_18_MALE_samsung_SM-A346B.csv",10,5,+5,5
"9e631ff8-22b4-4421-a1eb-638c38c7585f_1758961915397_PLAIN_WALKING_POCKET_18_MALE_samsung_SM-A346B.csv",58,55,+3,3
"9e631ff8-22b4-4421-a1eb-638c38c7585f_1758961983303_RUNNING_POCKET_18_MALE_samsung_SM-A346B.csv",54,52,+2,2
"9e631ff8-22b4-4421-a1eb-638c38c7585f_1758962032577_IRREGULAR_STEPS_POCKET_18_MALE_samsung_SM-A346B.csv",60,58,+2,2
"9e631ff8-22b4-4421-a1eb-638c38c7585f_1758962095794_BABY_STEPS_POCKET_18_MALE_samsung_SM-A346B.csv",39,37,+2,2
"9e631ff8-22b4-4421-a1eb-638c38c7585f_1758962152796_UPHILL_WALKING_POCKET_18_MALE_samsung_SM-A346B.csv",46,44,+2,2
"9e631ff8-22b4-4421-a1eb-638c38c7585f_1758962204143_DOWNHILL_WALKING_POCKET_18_MALE_samsung_SM-A346B.csv",45,43,+2,2
"9e631ff8-22b4-4421-a1eb-638c38c7585f_1758962476224_PLAIN_WALKING_HAND_19_MALE_samsung_SM-A346B.csv",29,27,+2,2
"9e631ff8-22b4-4421-a1eb-638c38c7585f_1758962520844_RUNNING_HAND_19_MALE_samsung_SM-A346B.csv",40,38,+2,2
"9e631ff8-22b4-4421-a1eb-638c38c7585f_1758962560909_IRREGULAR_STEPS_HAND_19_MALE_samsung_SM-A346B.csv",40,42,-2,2
"9e631ff8-22b4-4421-a1eb-638c38c7585f_1758962605971_BABY_STEPS_HAND_19_MALE_samsung_SM-A346B.csv",31,31,+0,0
"9e631ff8-22b4-4421-a1eb-638c38c7585f_1758962672962_UPHILL_WALKING_HAND_19_MALE_samsung_SM-A346B.csv",27,25,+2,2
"9e631ff8-22b4-4421-a1eb-638c38c7585f_1758962716480_DOWNHILL_WALKING_HAND_19_MALE_samsung_SM-A346B.csv",38,33,+5,5
"9e631ff8-22b4-4421-a1eb-638c38c7585f_1758962913169_UPHILL_WALKING_SHOULDER_19_MALE_samsung_SM-A346B.csv",28,23,+5,5
"9e631ff8-22b4-4421-a1eb-638c38c7585f_1758962973585_DOWNHILL_WALKING_SHOULDER_19_MALE_samsung_SM-A346B.csv",37,31,+6,6
"9e631ff8-22b4-4421-a1eb-638c38c7585f_1758963031812_PLAIN_WALKING_SHOULDER_19_MALE_samsung_SM-A346B.csv",37,37,+0,0
"9e631ff8-22b4-4421-a1eb-638c38c7585f_1758963080250_RUNNING_SHOULDER_19_MALE_samsung_SM-A346B.csv",50,50,+0,0
"9e631ff8-22b4-4421-a1eb-638c38c7585f_1758963119325_IRREGULAR_STEPS_SHOULDER_19_MALE_samsung_SM-A346B.csv",36,36,+0,0
"9e631ff8-22b4-4421-a1eb-638c38c7585f_1758963176073_BABY_STEPS_SHOULDER_19_MALE_samsung_SM-A346B.csv",1,1,+0,0
"9e631ff8-22b4-4421-a1eb-638c38c7585f_1758963267861_PLAIN_WALKING_POCKET_19_MALE_samsung_SM-A346B.csv",48,44,+4,4
"9e631ff8-22b4-4421-a1eb-638c38c7585f_1758963318607_RUNNING_POCKET_19_MALE_samsung_SM-A346B.csv",55,51,+4,4
"9e631ff8-22b4-4421-a1eb-638c38c7585f_1758963358145_IRREGULAR_STEPS_POCKET_19_MALE_samsung_SM-A346B.csv",69,71,+2,2
"9e631ff8-22b4-4421-a1eb-638c38c7585f_1758963415892_BABY_STEPS_POCKET_19_MALE_samsung_SM-A346B.csv",23,19,+4,4
"9e631ff8-22b4-4421-a1eb-638c38c7585f_1758963481919_UPHILL_WALKING_POCKET_19_MALE_samsung_SM-A346B.csv",42,42,+0,0
"9e631ff8-22b4-4421-a1eb-638c38c7585f_1758963529966_DOWNHILL_WALKING_POCKET_19_MALE_samsung_SM-A346B.csv",50,48,+2,2
"9e631ff8-22b4-4421-a1eb-638c38c7585f_1758963703783_PLAIN_WALKING_HAND_18_FEMALE_samsung_SM-A346B.csv",28,28,+0,0
"9e631ff8-22b4-4421-a1eb-638c38c7585f_1758963744170_RUNNING_HAND_18_FEMALE_samsung_SM-A346B.csv",45,41,+4,4
"9e631ff8-22b4-4421-a1eb-638c38c7585f_1758963777260_IRREGULAR_STEPS_HAND_18_FEMALE_samsung_SM-A346B.csv",43,43,+0,0
"9e631ff8-22b4-4421-a1eb-638c38c7585f_1758963827873_BABY_STEPS_HAND_18_FEMALE_samsung_SM-A346B.csv",27,27,+0,0
"9e631ff8-22b4-4421-a1eb-638c38c7585f_1758963882175_UPHILL_WALKING_HAND_18_FEMALE_samsung_SM-A346B.csv",30,32,-2,2
"9e631ff8-22b4-4421-a1eb-638c38c7585f_1758963928531_DOWNHILL_WALKING_HAND_18_FEMALE_samsung_SM-A346B.csv",33,27,+6,6
"9e631ff8-22b4-4421-a1eb-638c38c7585f_1758964075826_PLAIN_WALKING_SHOULDER_18_FEMALE_samsung_SM-A346B.csv",39,42,-3,3
"9e631ff8-22b4-4421-a1eb-638c38c7585f_1758964122130_RUNNING_SHOULDER_18_FEMALE_samsung_SM-A346B.csv",50,50,+0,0
"9e631ff8-22b4-4421-a1eb-638c38c7585f_1758964162206_IRREGULAR_STEPS_SHOULDER_18_FEMALE_samsung_SM-A346B.csv",38,32,+6,6
"9e631ff8-22b4-4421-a1eb-638c38c7585f_1758964210741_BABY_STEPS_SHOULDER_18_FEMALE_samsung_SM-A346B.csv",17,21,-4,4
"9e631ff8-22b4-4421-a1eb-638c38c7585f_1758964288128_UPHILL_WALKING_SHOULDER_18_FEMALE_samsung_SM-A346B.csv",23,20,+0,0
"9e631ff8-22b4-4421-a1eb-638c38c7585f_1758964332647_DOWNHILL_WALKING_SHOULDER_18_FEMALE_samsung_SM-A346B.csv",28,28,+0,0
"9e631ff8-22b4-4421-a1eb-638c38c7585f_1758964422508_PLAIN_WALKING_POCKET_18_FEMALE_samsung_SM-A346B.csv",54,52,+2,2
"9e631ff8-22b4-4421-a1eb-638c38c7585f_1758964466230_RUNNING_POCKET_18_FEMALE_samsung_SM-A346B.csv",56,54,+2,2
"9e631ff8-22b4-4421-a1eb-638c38c7585f_1758964505949_IRREGULAR_STEPS_POCKET_18_FEMALE_samsung_SM-A346B.csv",56,51,+5,5
"9e631ff8-22b4-4421-a1eb-638c38c7585f_1758964556054_BABY_STEPS_POCKET_18_FEMALE_samsung_SM-A346B.csv",31,34,-3,3
"9e631ff8-22b4-4421-a1eb-638c38c7585f_1758964606153_UPHILL_WALKING_POCKET_18_FEMALE_samsung_SM-A346B.csv",48,41,+7,7
"9e631ff8-22b4-4421-a1eb-638c38c7585f_1758964654449_DOWNHILL_WALKING_POCKET_18_FEMALE_samsung_SM-A346B.csv",41,35,+6,6
"f22982f3-c6dd-4424-abdd-8989b3059fd9_1758961065915_PLAIN_WALKING_HAND_57_MALE_samsung_SM-A326B.csv",34,29,+5,5
"f22982f3-c6dd-4424-abdd-8989b3059fd9_1758961208730_RUNNING_HAND_57_MALE_samsung_SM-A326B.csv",48,48,+0,0
"f22982f3-c6dd-4424-abdd-8989b3059fd9_1758961241775_IRREGULAR_STEPS_HAND_57_MALE_samsung_SM-A326B.csv",41,38,+3,3
"f22982f3-c6dd-4424-abdd-8989b3059fd9_1758961281727_BABY_STEPS_HAND_57_MALE_samsung_SM-A326B.csv",35,28,+7,7
"f22982f3-c6dd-4424-abdd-8989b3059fd9_1758961339668_UPHILL_WALKING_HAND_57_MALE_samsung_SM-A326B.csv",40,33,+7,7
"f22982f3-c6dd-4424-abdd-8989b3059fd9_1758961382701_DOWNHILL_WALKING_HAND_57_MALE_samsung_SM-A326B.csv",36,26,+10,10
"f22982f3-c6dd-4424-abdd-8989b3059fd9_1758961522568_UPHILL_WALKING_POCKET_57_MALE_samsung_SM-A326B.csv",29,29,+0,0
"f22982f3-c6dd-4424-abdd-8989b3059fd9_1758961572887_DOWNHILL_WALKING_POCKET_57_MALE_samsung_SM-A326B.csv",39,24,+15,15
"f22982f3-c6dd-4424-abdd-8989b3059fd9_1758961624799_PLAIN_WALKING_POCKET_57_MALE_samsung_SM-A326B.csv",57,57,+0,0
"f22982f3-c6dd-4424-abdd-8989b3059fd9_1758961692517_RUNNING_POCKET_57_MALE_samsung_SM-A326B.csv",53,50,+3,3
"f22982f3-c6dd-4424-abdd-8989b3059fd9_1758961734954_IRREGULAR_STEPS_POCKET_57_MALE_samsung_SM-A326B.csv",37,32,+5,5
"f22982f3-c6dd-4424-abdd-8989b3059fd9_1758961782625_BABY_STEPS_POCKET_57_MALE_samsung_SM-A326B.csv",50,53,+3,3
"f22982f3-c6dd-4424-abdd-8989b3059fd9_1758961970284_PLAIN_WALKING_SHOULDER_57_MALE_samsung_SM-A326B.csv",43,34,+9,9
"f22982f3-c6dd-4424-abdd-8989b3059fd9_1758962041377_RUNNING_SHOULDER_57_MALE_samsung_SM-A326B.csv",54,54,+0,0
"f22982f3-c6dd-4424-abdd-8989b3059fd9_1758962084808_IRREGULAR_STEPS_SHOULDER_57_MALE_samsung_SM-A326B.csv",43,39,+4,4
"f22982f3-c6dd-4424-abdd-8989b3059fd9_1758962158153_BABY_STEPS_SHOULDER_57_MALE_samsung_SM-A326B.csv",36,31,+5,5
"f22982f3-c6dd-4424-abdd-8989b3059fd9_1758962212102_UPHILL_WALKING_SHOULDER_57_MALE_samsung_SM-A326B.csv",51,48,+3,3
"f22982f3-c6dd-4424-abdd-8989b3059fd9_1758962265241_DOWNHILL_WALKING_SHOULDER_57_MALE_samsung_SM-A326B.csv",44,44,+0,0
"f7f572fe-eb11-4f7e-a514-dc7812bd8998_1758962596841_PLAIN_WALKING_HAND_23_MALE_motorola_motorola edge 50 fusion.csv",40,34,+6,6
"f7f572fe-eb11-4f7e-a514-dc7812bd8998_1758962641989_RUNNING_HAND_23_MALE_motorola_motorola edge 50 fusion.csv",47,47,+0,0
"f7f572fe-eb11-4f7e-a514-dc7812bd8998_1758962666777_IRREGULAR_STEPS_HAND_23_MALE_motorola_motorola edge 50 fusion.csv",23,23,+0,0
"f7f572fe-eb11-4f7e-a514-dc7812bd8998_1758962699395_BABY_STEPS_HAND_23_MALE_motorola_motorola edge 50 fusion.csv",11,8,+3,3
"f7f572fe-eb11-4f7e-a514-dc7812bd8998_1758962749813_UPHILL_WALKING_HAND_23_MALE_motorola_motorola edge 50 fusion.csv",39,32,+7,7
"f7f572fe-eb11-4f7e-a514-dc7812bd8998_1758962825153_DOWNHILL_WALKING_HAND_23_MALE_motorola_motorola edge 50 fusion.csv",33,33,+0,0
"f7f572fe-eb11-4f7e-a514-dc7812bd8998_1758962924222_PLAIN_WALKING_POCKET_23_MALE_motorola_motorola edge 50 fusion.csv",44,44,+0,0
"f7f572fe-eb11-4f7e-a514-dc7812bd8998_1758962962127_IRREGULAR_STEPS_POCKET_23_MALE_motorola_motorola edge 50 fusion.csv",32,28,+4,4
"f7f572fe-eb11-4f7e-a514-dc7812bd8998_1758963057095_RUNNING_POCKET_23_MALE_motorola_motorola edge 50 fusion.csv",53,53,+0,0
"f7f572fe-eb11-4f7e-a514-dc7812bd8998_1758963097805_BABY_STEPS_POCKET_23_MALE_motorola_motorola edge 50 fusion.csv",6,0,+6,6
"f7f572fe-eb11-4f7e-a514-dc7812bd8998_1758963143215_UPHILL_WALKING_POCKET_23_MALE_motorola_motorola edge 50 fusion.csv",49,49,+0,0
"f7f572fe-eb11-4f7e-a514-dc7812bd8998_1758963185977_DOWNHILL_WALKING_POCKET_23_MALE_motorola_motorola edge 50 fusion.csv",7,7,+0,0
"f7f572fe-eb11-4f7e-a514-dc7812bd8998_1758963316457_PLAIN_WALKING_SHOULDER_23_MALE_motorola_motorola edge 50 fusion.csv",35,37,-2,2
"f7f572fe-eb11-4f7e-a514-dc7812bd8998_1758963358130_RUNNING_SHOULDER_23_MALE_motorola_motorola edge 50 fusion.csv",52,47,+5,5
"f7f572fe-eb11-4f7e-a514-dc7812bd8998_1758963399104_IRREGULAR_STEPS_SHOULDER_23_MALE_motorola_motorola edge 50 fusion.csv",37,37,+0,0
"f7f572fe-eb11-4f7e-a514-dc7812bd8998_1758963446017_BABY_STEPS_SHOULDER_23_MALE_motorola_motorola edge 50 fusion.csv",32,28,+4,4
"f7f572fe-eb11-4f7e-a514-dc7812bd8998_1758963501642_UPHILL_WALKING_SHOULDER_23_MALE_motorola_motorola edge 50 fusion.csv",39,41,-2,2
"f7f572fe-eb11-4f7e-a514-dc7812bd8998_1758963553038_DOWNHILL_WALKING_SHOULDER_23_MALE_motorola_motorola edge 50 fusion.csv",35,35,+0,0
"f7f572fe-eb11-4f7e-a514-dc7812bd8998_1758963772761_PLAIN_WALKING_HAND_22_MALE_motorola_motorola edge 50 fusion.csv",47,43,+4,4
"f7f572fe-eb11-4f7e-a514-dc7812bd8998_1758963820810_RUNNING_HAND_22_MALE_motorola_motorola edge 50 fusion.csv",43,43,+0,0
"f7f572fe-eb11-4f7e-a514-dc7812bd8998_1758963846677_IRREGULAR_STEPS_HAND_22_MALE_motorola_motorola edge 50 fusion.csv",26,23,+3,3
"f7f572fe-eb11-4f7e-a514-dc7812bd8998_1758963887024_BABY_STEPS_HAND_22_MALE_motorola_motorola edge 50 fusion.csv",34,26,+8,8
"f7f572fe-eb11-4f7e-a514-dc7812bd8998_1758963945485_UPHILL_WALKING_HAND_22_MALE_motorola_motorola edge 50 fusion.csv",33,30,+3,3
"f7f572fe-eb11-4f7e-a514-dc7812bd8998_1758964083342_DOWNHILL_WALKING_HAND_22_MALE_motorola_motorola edge 50 fusion.csv",35,30,+5,5
"f7f572fe-eb11-4f7e-a514-dc7812bd8998_1758964130719_PLAIN_WALKING_POCKET_22_MALE_motorola_motorola edge 50 fusion.csv",50,46,+4,4
"f7f572fe-eb11-4f7e-a514-dc7812bd8998_1758964171082_RUNNING_POCKET_22_MALE_motorola_motorola edge 50 fusion.csv",54,49,+5,5
"f7f572fe-eb11-4f7e-a514-dc7812bd8998_1758964214861_IRREGULAR_STEPS_POCKET_22_MALE_motorola_motorola edge 50 fusion.csv",52,49,+3,3
"f7f572fe-eb11-4f7e-a514-dc7812bd8998_1758964262506_BABY_STEPS_POCKET_22_MALE_motorola_motorola edge 50 fusion.csv",46,44,+2,2
"f7f572fe-eb11-4f7e-a514-dc7812bd8998_1758964334412_UPHILL_WALKING_POCKET_22_MALE_motorola_motorola edge 50 fusion.csv",59,56,+3,3
"f7f572fe-eb11-4f7e-a514-dc7812bd8998_1758964380405_DOWNHILL_WALKING_POCKET_22_MALE_motorola_motorola edge 50 fusion.csv",32,30,+2,2
"f7f572fe-eb11-4f7e-a514-dc7812bd8998_1758964509172_PLAIN_WALKING_SHOULDER_22_MALE_motorola_motorola edge 50 fusion.csv",37,33,+4,4
"f7f572fe-eb11-4f7e-a514-dc7812bd8998_1758964548245_RUNNING_SHOULDER_22_MALE_motorola_motorola edge 50 fusion.csv",53,53,+0,0
"f7f572fe-eb11-4f7e-a514-dc7812bd8998_1758964584715_IRREGULAR_STEPS_SHOULDER_22_MALE_motorola_motorola edge 50 fusion.csv",32,32,+0,0
"f7f572fe-eb11-4f7e-a514-dc7812bd8998_1758964642164_BABY_STEPS_SHOULDER_22_MALE_motorola_motorola edge 50 fusion.csv",23,22,+1,1
"f7f572fe-eb11-4f7e-a514-dc7812bd8998_1758964707607_UPHILL_WALKING_SHOULDER_22_MALE_motorola_motorola edge 50 fusion.csv",22,22,+0,0
"f7f572fe-eb11-4f7e-a514-dc7812bd8998_1758964745615_DOWNHILL_WALKING_SHOULDER_22_MALE_motorola_motorola edge 50 fusion.csv",27,25,+2,2
"2c18814d-cbaa-44e5-99ac-baa33ee20831_1759162921009_PLAIN_WALKING_HAND_55_FEMALE_Xiaomi_2109119DG.csv",45,45,+0,0
"2c18814d-cbaa-44e5-99ac-baa33ee20831_1759162959599_RUNNING_HAND_55_FEMALE_Xiaomi_2109119DG.csv",46,46,+0,0
"2c18814d-cbaa-44e5-99ac-baa33ee20831_1759163069553_IRREGULAR_STEPS_HAND_55_FEMALE_Xiaomi_2109119DG.csv",32,32,+0,0
"2c18814d-cbaa-44e5-99ac-baa33ee20831_1759163109432_BABY_STEPS_HAND_55_FEMALE_Xiaomi_2109119DG.csv",30,28,+2,2
"2c18814d-cbaa-44e5-99ac-baa33ee20831_1759163158962_PLAIN_WALKING_POCKET_55_FEMALE_Xiaomi_2109119DG.csv",56,56,+0,0
"2c18814d-cbaa-44e5-99ac-baa33ee20831_1759163202011_RUNNING_POCKET_55_FEMALE_Xiaomi_2109119DG.csv",51,48,+3,3
"2c18814d-cbaa-44e5-99ac-baa33ee20831_1759163236636_IRREGULAR_STEPS_POCKET_55_FEMALE_Xiaomi_2109119DG.csv",52,48,+4,4
"2c18814d-cbaa-44e5-99ac-baa33ee20831_1759163284793_BABY_STEPS_POCKET_55_FEMALE_Xiaomi_2109119DG.csv",50,50,+0,0
"2c18814d-cbaa-44e5-99ac-baa33ee20831_1759163334288_UPHILL_WALKING_POCKET_55_FEMALE_Xiaomi_2109119DG.csv",60,60,+0,0
"2c18814d-cbaa-44e5-99ac-baa33ee20831_1759163388993_DOWNHILL_WALKING_POCKET_55_FEMALE_Xiaomi_2109119DG.csv",47,45,+2,2
"2c18814d-cbaa-44e5-99ac-baa33ee20831_1759163450055_UPHILL_WALKING_HAND_55_FEMALE_Xiaomi_2109119DG.csv",44,44,+0,0
"2c18814d-cbaa-44e5-99ac-baa33ee20831_1759163493885_DOWNHILL_WALKING_HAND_55_FEMALE_Xiaomi_2109119DG.csv",43,39,+4,4
"2c18814d-cbaa-44e5-99ac-baa33ee20831_1759163649540_PLAIN_WALKING_SHOULDER_55_FEMALE_Xiaomi_2109119DG.csv",39,29,+10,10
"2c18814d-cbaa-44e5-99ac-baa33ee20831_1759163698372_RUNNING_SHOULDER_55_FEMALE_Xiaomi_2109119DG.csv",47,47,+0,0
"2c18814d-cbaa-44e5-99ac-baa33ee20831_1759163728481_IRREGULAR_STEPS_SHOULDER_55_FEMALE_Xiaomi_2109119DG.csv",38,38,+0,0
"2c18814d-cbaa-44e5-99ac-baa33ee20831_1759163825673_BABY_STEPS_SHOULDER_55_FEMALE_Xiaomi_2109119DG.csv",40,38,+2,2
"2c18814d-cbaa-44e5-99ac-baa33ee20831_1759164024450_UPHILL_WALKING_SHOULDER_55_FEMALE_Xiaomi_2109119DG.csv",42,42,+0,0
"2c18814d-cbaa-44e5-99ac-baa33ee20831_1759164065783_DOWNHILL_WALKING_SHOULDER_55_FEMALE_Xiaomi_2109119DG.csv",42,42,+0,0
"2c18814d-cbaa-44e5-99ac-baa33ee20831_1759164176759_PLAIN_WALKING_HAND_53_FEMALE_Xiaomi_2109119DG.csv",30,21,+9,9
"2c18814d-cbaa-44e5-99ac-baa33ee20831_1759164263977_RUNNING_HAND_53_FEMALE_Xiaomi_2109119DG.csv",46,44,+2,2
"2c18814d-cbaa-44e5-99ac-baa33ee20831_1759164317744_IRREGULAR_STEPS_HAND_53_FEMALE_Xiaomi_2109119DG.csv",33,30,+3,3
"2c18814d-cbaa-44e5-99ac-baa33ee20831_1759164351933_BABY_STEPS_HAND_53_FEMALE_Xiaomi_2109119DG.csv",23,23,+0,0
"2c18814d-cbaa-44e5-99ac-baa33ee20831_1759164485198_UPHILL_WALKING_HAND_53_FEMALE_Xiaomi_2109119DG.csv",21,21,+0,0
"2c18814d-cbaa-44e5-99ac-baa33ee20831_1759164517889_DOWNHILL_WALKING_HAND_53_FEMALE_Xiaomi_2109119DG.csv",44,40,+4,4
"2c18814d-cbaa-44e5-99ac-baa33ee20831_1759164557506_PLAIN_WALKING_POCKET_53_FEMALE_Xiaomi_2109119DG.csv",46,46,+0,0
"2c18814d-cbaa-44e5-99ac-baa33ee20831_1759164601225_RUNNING_POCKET_53_FEMALE_Xiaomi_2109119DG.csv",52,52,+0,0
"2c18814d-cbaa-44e5-99ac-baa33ee20831_1759164634256_IRREGULAR_STEPS_POCKET_53_FEMALE_Xiaomi_2109119DG.csv",48,45,+3,3
"2c18814d-cbaa-44e5-99ac-baa33ee20831_1759164673772_BABY_STEPS_POCKET_53_FEMALE_Xiaomi_2109119DG.csv",43,27,+16,16
"2c18814d-cbaa-44e5-99ac-baa33ee20831_1759164722535_UPHILL_WALKING_POCKET_53_FEMALE_Xiaomi_2109119DG.csv",45,34,+11,11
"2c18814d-cbaa-44e5-99ac-baa33ee20831_1759164761251_DOWNHILL_WALKING_POCKET_53_FEMALE_Xiaomi_2109119DG.csv",49,36,+13,13
"2c18814d-cbaa-44e5-99ac-baa33ee20831_1759165399506_PLAIN_WALKING_SHOULDER_53_FEMALE_Xiaomi_2109119DG.csv",29,29,+0,0
"2c18814d-cbaa-44e5-99ac-baa33ee20831_1759165450016_RUNNING_SHOULDER_53_FEMALE_Xiaomi_2109119DG.csv",48,47,+1,1
"2c18814d-cbaa-44e5-99ac-baa33ee20831_1759165479789_BABY_STEPS_SHOULDER_53_FEMALE_Xiaomi_2109119DG.csv",34,31,+3,3
"2c18814d-cbaa-44e5-99ac-baa33ee20831_1759165536471_IRREGULAR_STEPS_SHOULDER_53_FEMALE_Xiaomi_2109119DG.csv",34,34,+0,0
"2c18814d-cbaa-44e5-99ac-baa33ee20831_1759165587864_UPHILL_WALKING_SHOULDER_53_FEMALE_Xiaomi_2109119DG.csv",38,38,+0,0
"2c18814d-cbaa-44e5-99ac-baa33ee20831_1759165628313_DOWNHILL_WALKING_SHOULDER_53_FEMALE_Xiaomi_2109119DG.csv",31,33,-2,2
"587653e9-8e31-40b0-8606-29dff39d2ad4_1759164075137_PLAIN_WALKING_HAND_22_MALE_samsung_SM-G770F.csv",32,32,+0,0
"587653e9-8e31-40b0-8606-29dff39d2ad4_1759164127261_RUNNING_HAND_22_MALE_samsung_SM-G770F.csv",48,50,-2,2
"587653e9-8e31-40b0-8606-29dff39d2ad4_1759164162421_IRREGULAR_STEPS_HAND_22_MALE_samsung_SM-G770F.csv",40,40,+0,0
"587653e9-8e31-40b0-8606-29dff39d2ad4_1759164203635_BABY_STEPS_HAND_22_MALE_samsung_SM-G770F.csv",35,30,+5,5
"587653e9-8e31-40b0-8606-29dff39d2ad4_1759164314357_UPHILL_WALKING_HAND_22_MALE_samsung_SM-G770F.csv",40,37,+3,3
"587653e9-8e31-40b0-8606-29dff39d2ad4_1759164352605_DOWNHILL_WALKING_HAND_22_MALE_samsung_SM-G770F.csv",36,34,+2,2
"587653e9-8e31-40b0-8606-29dff39d2ad4_1759164473091_PLAIN_WALKING_POCKET_22_MALE_samsung_SM-G770F.csv",61,67,-6,6
"587653e9-8e31-40b0-8606-29dff39d2ad4_1759164522285_RUNNING_POCKET_22_MALE_samsung_SM-G770F.csv",56,56,+0,0
"587653e9-8e31-40b0-8606-29dff39d2ad4_1759164557870_IRREGULAR_STEPS_POCKET_22_MALE_samsung_SM-G770F.csv",53,55,-2,2
"587653e9-8e31-40b0-8606-29dff39d2ad4_1759164597645_BABY_STEPS_POCKET_22_MALE_samsung_SM-G770F.csv",38,36,+2,2
"587653e9-8e31-40b0-8606-29dff39d2ad4_1759164692581_UPHILL_WALKING_POCKET_22_MALE_samsung_SM-G770F.csv",46,14,+32,32
"587653e9-8e31-40b0-8606-29dff39d2ad4_1759164733104_DOWNHILL_WALKING_POCKET_22_MALE_samsung_SM-G770F.csv",63,63,+0,0
"587653e9-8e31-40b0-8606-29dff39d2ad4_1759164943734_UPHILL_WALKING_SHOULDER_22_MALE_samsung_SM-G770F.csv",42,42,+0,0
"587653e9-8e31-40b0-8606-29dff39d2ad4_1759164982624_DOWNHILL_WALKING_SHOULDER_22_MALE_samsung_SM-G770F.csv",46,45,+1,1
"587653e9-8e31-40b0-8606-29dff39d2ad4_1759165024144_PLAIN_WALKING_SHOULDER_22_MALE_samsung_SM-G770F.csv",45,45,+0,0
"587653e9-8e31-40b0-8606-29dff39d2ad4_1759165082351_RUNNING_SHOULDER_22_MALE_samsung_SM-G770F.csv",54,55,-1,1
"587653e9-8e31-40b0-8606-29dff39d2ad4_1759165125230_IRREGULAR_STEPS_SHOULDER_22_MALE_samsung_SM-G770F.csv",47,47,+0,0
"587653e9-8e31-40b0-8606-29dff39d2ad4_1759165165866_BABY_STEPS_SHOULDER_22_MALE_samsung_SM-G770F.csv",48,46,+2,2
"587653e9-8e31-40b0-8606-29dff39d2ad4_1759165324830_PLAIN_WALKING_HAND_22_MALE_samsung_SM-G770F.csv",49,50,-1,1
"587653e9-8e31-40b0-8606-29dff39d2ad4_1759165380657_RUNNING_HAND_22_MALE_samsung_SM-G770F.csv",54,56,-2,2
"587653e9-8e31-40b0-8606-29dff39d2ad4_1759165416061_BABY_STEPS_HAND_22_MALE_samsung_SM-G770F.csv",53,56,-3,3
"587653e9-8e31-40b0-8606-29dff39d2ad4_1759165493895_IRREGULAR_STEPS_HAND_22_MALE_samsung_SM-G770F.csv",51,51,+0,0
"587653e9-8e31-40b0-8606-29dff39d2ad4_1759165585555_UPHILL_WALKING_HAND_22_MALE_samsung_SM-G770F.csv",38,38,+0,0
"587653e9-8e31-40b0-8606-29dff39d2ad4_1759165628857_DOWNHILL_WALKING_HAND_22_MALE_samsung_SM-G770F.csv",46,47,-1,1
"587653e9-8e31-40b0-8606-29dff39d2ad4_1759165680114_PLAIN_WALKING_POCKET_22_MALE_samsung_SM-G770F.csv",47,47,+0,0
"587653e9-8e31-40b0-8606-29dff39d2ad4_1759165736088_RUNNING_POCKET_22_MALE_samsung_SM-G770F.csv",57,55,+2,2
"587653e9-8e31-40b0-8606-29dff39d2ad4_1759165821155_IRREGULAR_STEPS_POCKET_22_MALE_samsung_SM-G770F.csv",66,57,+9,9
"587653e9-8e31-40b0-8606-29dff39d2ad4_1759165946613_UPHILL_WALKING_POCKET_22_MALE_samsung_SM-G770F.csv",37,37,+0,0
"587653e9-8e31-40b0-8606-29dff39d2ad4_1759165987955_DOWNHILL_WALKING_POCKET_22_MALE_samsung_SM-G770F.csv",47,48,-1,1
"587653e9-8e31-40b0-8606-29dff39d2ad4_1759166100504_PLAIN_WALKING_SHOULDER_22_MALE_samsung_SM-G770F.csv",38,39,-1,1
"587653e9-8e31-40b0-8606-29dff39d2ad4_1759166190892_RUNNING_SHOULDER_22_MALE_samsung_SM-G770F.csv",0,0,+0,0
"587653e9-8e31-40b0-8606-29dff39d2ad4_1759166210008_IRREGULAR_STEPS_SHOULDER_22_MALE_samsung_SM-G770F.csv",37,37,+0,0
"587653e9-8e31-40b0-8606-29dff39d2ad4_1759166275379_BABY_STEPS_SHOULDER_22_MALE_samsung_SM-G770F.csv",30,24,+6,6
"587653e9-8e31-40b0-8606-29dff39d2ad4_1759166330355_UPHILL_WALKING_SHOULDER_22_MALE_samsung_SM-G770F.csv",41,41,+0,0
"587653e9-8e31-40b0-8606-29dff39d2ad4_1759166373332_DOWNHILL_WALKING_SHOULDER_22_MALE_samsung_SM-G770F.csv",40,40,+0,0
"8ee79ff2-40f6-4c76-9f3a-242201be1d15_1759164056277_PLAIN_WALKING_HAND_21_MALE_OPPO_CPH2219.csv",3,1,+2,2
"8ee79ff2-40f6-4c76-9f3a-242201be1d15_1759164073833_PLAIN_WALKING_HAND_21_MALE_OPPO_CPH2219.csv",50,51,-1,1
"8ee79ff2-40f6-4c76-9f3a-242201be1d15_1759164124100_RUNNING_HAND_21_MALE_OPPO_CPH2219.csv",52,51,+1,1
"8ee79ff2-40f6-4c76-9f3a-242201be1d15_1759164157892_IRREGULAR_STEPS_HAND_21_MALE_OPPO_CPH2219.csv",43,44,-1,1
"8ee79ff2-40f6-4c76-9f3a-242201be1d15_1759164202833_BABY_STEPS_HAND_21_MALE_OPPO_CPH2219.csv",45,45,+0,0
"8ee79ff2-40f6-4c76-9f3a-242201be1d15_1759164296271_UPHILL_WALKING_HAND_21_MALE_OPPO_CPH2219.csv",51,51,+0,0
"8ee79ff2-40f6-4c76-9f3a-242201be1d15_1759164336815_DOWNHILL_WALKING_HAND_21_MALE_OPPO_CPH2219.csv",45,45,+0,0
"8ee79ff2-40f6-4c76-9f3a-242201be1d15_1759164469268_PLAIN_WALKING_SHOULDER_21_MALE_OPPO_CPH2219.csv",47,43,+4,4
"8ee79ff2-40f6-4c76-9f3a-242201be1d15_1759164524910_RUNNING_SHOULDER_21_MALE_OPPO_CPH2219.csv",50,50,+0,0
"8ee79ff2-40f6-4c76-9f3a-242201be1d15_1759164558647_IRREGULAR_STEPS_SHOULDER_21_MALE_OPPO_CPH2219.csv",48,47,+1,1
"8ee79ff2-40f6-4c76-9f3a-242201be1d15_1759164604445_BABY_STEPS_SHOULDER_21_MALE_OPPO_CPH2219.csv",48,48,+0,0
"8ee79ff2-40f6-4c76-9f3a-242201be1d15_1759164647078_UPHILL_WALKING_SHOULDER_21_MALE_OPPO_CPH2219.csv",45,45,+0,0
"8ee79ff2-40f6-4c76-9f3a-242201be1d15_1759164691868_DOWNHILL_WALKING_SHOULDER_21_MALE_OPPO_CPH2219.csv",37,34,+3,3
"8ee79ff2-40f6-4c76-9f3a-242201be1d15_1759164748169_PLAIN_WALKING_POCKET_21_MALE_OPPO_CPH2219.csv",55,46,+9,9
"8ee79ff2-40f6-4c76-9f3a-242201be1d15_1759164791624_RUNNING_POCKET_21_MALE_OPPO_CPH2219.csv",53,55,-2,2
"8ee79ff2-40f6-4c76-9f3a-242201be1d15_1759164822939_IRREGULAR_STEPS_POCKET_21_MALE_OPPO_CPH2219.csv",47,49,-2,2
"8ee79ff2-40f6-4c76-9f3a-242201be1d15_1759164882648_BABY_STEPS_POCKET_21_MALE_OPPO_CPH2219.csv",36,26,+10,10
"8ee79ff2-40f6-4c76-9f3a-242201be1d15_1759164925983_UPHILL_WALKING_POCKET_21_MALE_OPPO_CPH2219.csv",37,37,+0,0
"8ee79ff2-40f6-4c76-9f3a-242201be1d15_1759164961704_DOWNHILL_WALKING_POCKET_21_MALE_OPPO_CPH2219.csv",29,14,+15,15
"8ee79ff2-40f6-4c76-9f3a-242201be1d15_1759165041708_DOWNHILL_WALKING_SHOULDER_23_MALE_OPPO_CPH2219.csv",32,35,-3,3
"8ee79ff2-40f6-4c76-9f3a-242201be1d15_1759165086039_PLAIN_WALKING_HAND_23_MALE_OPPO_CPH2219.csv",37,39,-2,2
"8ee79ff2-40f6-4c76-9f3a-242201be1d15_1759165160086_IRREGULAR_STEPS_HAND_23_MALE_OPPO_CPH2219.csv",39,39,+0,0
"8ee79ff2-40f6-4c76-9f3a-242201be1d15_1759165202961_RUNNING_HAND_23_MALE_OPPO_CPH2219.csv",43,43,+0,0
"8ee79ff2-40f6-4c76-9f3a-242201be1d15_1759165228892_BABY_STEPS_HAND_23_MALE_OPPO_CPH2219.csv",30,32,-2,2
"8ee79ff2-40f6-4c76-9f3a-242201be1d15_1759165280830_UPHILL_WALKING_HAND_23_MALE_OPPO_CPH2219.csv",37,35,+2,2
"8ee79ff2-40f6-4c76-9f3a-242201be1d15_1759165313320_DOWNHILL_WALKING_HAND_23_MALE_OPPO_CPH2219.csv",25,21,+4,4
"8ee79ff2-40f6-4c76-9f3a-242201be1d15_1759165347169_PLAIN_WALKING_POCKET_23_MALE_OPPO_CPH2219.csv",33,33,+0,0
"8ee79ff2-40f6-4c76-9f3a-242201be1d15_1759165387536_RUNNING_POCKET_23_MALE_OPPO_CPH2219.csv",50,50,+0,0
"8ee79ff2-40f6-4c76-9f3a-242201be1d15_1759165415439_IRREGULAR_STEPS_POCKET_23_MALE_OPPO_CPH2219.csv",45,28,+17,17
"8ee79ff2-40f6-4c76-9f3a-242201be1d15_1759165519322_BABY_STEPS_POCKET_23_MALE_OPPO_CPH2219.csv",58,58,+0,0
"8ee79ff2-40f6-4c76-9f3a-242201be1d15_1759165561495_UPHILL_WALKING_POCKET_23_MALE_OPPO_CPH2219.csv",30,26,+4,4
"8ee79ff2-40f6-4c76-9f3a-242201be1d15_1759165594827_DOWNHILL_WALKING_POCKET_23_MALE_OPPO_CPH2219.csv",34,37,-3,3
"8ee79ff2-40f6-4c76-9f3a-242201be1d15_1759165785567_PLAIN_WALKING_SHOULDER_23_MALE_OPPO_CPH2219.csv",48,48,+0,0
"8ee79ff2-40f6-4c76-9f3a-242201be1d15_1759165820791_RUNNING_SHOULDER_23_MALE_OPPO_CPH2219.csv",50,50,+0,0
"8ee79ff2-40f6-4c76-9f3a-242201be1d15_1759165852537_IRREGULAR_STEPS_SHOULDER_23_MALE_OPPO_CPH2219.csv",53,53,+0,0
"8ee79ff2-40f6-4c76-9f3a-242201be1d15_1759165895565_BABY_STEPS_SHOULDER_23_MALE_OPPO_CPH2219.csv",48,48,+0,0
"8ee79ff2-40f6-4c76-9f3a-242201be1d15_1759165931770_UPHILL_WALKING_SHOULDER_23_MALE_OPPO_CPH2219.csv",46,46,+0,0
"8ee79ff2-40f6-4c76-9f3a-242201be1d15_1759165965899_DOWNHILL_WALKING_SHOULDER_23_MALE_OPPO_CPH2219.csv",40,38,+2,2
